40700
459310
1276947
1862650
1965285
2524010
2549261
2989005
3079626
3116431
5900021
6303427
6557445
8010536
8058405
9390403
10138342
11171543
11413529
12554922
13280743
13736549
13965031
15708023
15744967
16005928
16685009
17409809
17744445
18547055
18903297
19165224
19417346
19527891
21547014
21880701
21951064
22212356
23123220
24326235
24667770
24890656
26271046
26873012
27206212
28490314
28826006
29456083
29595303
29694066
30475298
31258907
31903555
31972630
33070731
33332235
33577790
33923547
34447519
36289849
37037264
37621935
37914503
38652104
39432304
39549134
41008148
41895202
41999313
42219234
42360764
42407357
42475967
42972112
43617362
44154836
44870925
45355965
46141821
46312422
47768531
48824518
49040817
49204034
49774154
50522688
52119013
53553401
54286561
54355233
54750564
55493867
55587333
56739046
57879066
58640448
59822182
60644358
61434518
61696701
62520636
62649853
65244806
66938386
70410870
70721500
71240020
71924100
73283319
73484699
74363100
74650414
74909509
74916050
75473681
75630572
77088390
77805123
78458016
78519656
78762247
79403827
80444323
86803240
87355193
87717796
88463610
89423630
90856448
90924648
91375879
94375191
95124753
95444343
95457728
97137747
97355855
98274493
99508421
100001284
100970517
105639569
105702510
105795698
106159729
107038049
107053488
107457646
107826830
107872376
107993555
108827166
109214941
110354214
111368507
111472728
111919701
112698675
113775141
114614502
114793014
115704247
115903868
116915560
118084267
118487528
118524514
118552586
118615104
119599485
119767625
119857082
120314980
120665830
121332964
121684516
121955636
124101348
124952713
125565743
126255220
126322002
126348684
126794175
126838900
126894567
127313418
127413603
131872663
133425853
133731056
134018914
134306372
134560507
136229726
136264566
136764020
138496976
138885662
138921699
139719470
140793950
141071460
142362112
142724271
143998085
144024400
144027150
144133560
144237770
145236788
145420912
146978453
147176958
147597530
147789679
148383697
149635348
149782125
149923435
150903083
151730666
153294291
153349607
153911025
154945302
155202549
155647269
159047783
159110408
159390177
159467904
159985019
161191863
162118730
162324750
162853370
164705383
165205528
165556158
166957645
167562979
169760540
170154142
171250308
173608175
175444787
177322064
177713679
178550888
178790620
178802073
178980831
179104552
180747234
183696295
184779094
185544564
185592680
187212893
187320778
187736073
188027245
188147891
190253527
191897082
192562407
194828623
195244886
199104240
199289684
199343813
199360897
199539241
199639397
201995342
202444582
203014093
204321447
205649164
505870484
509550671
510606860
512399662
524765639
526734887
528095902
539667460
542102704
545542383
548081761
548259974
549774020
556039675
556758197
2522767166
