55587333
111919701
29694066
159390177
105639569
42219234
126255220
62649853
187736073
121684516
143998085
179104552
202444582
118552586
548259974
1862650
2989005
48824518
29456083
127413603
24890656
185544564
99508421
124952713
17409809
119857082
153349607
199360897
201995342
39549134
151730666
192562407
49040817
86803240
539667460
107872376
15708023
195244886
42475967
194828623
75630572
144237770
55493867
70410870
165556158
74916050
147597530
162853370
24667770
78458016
44870925
74363100
112930515
90924648
105702510
149782125
147789679
166957645
23123220
79403827
142724271
199539241
110354214
150903083
133731056
145420912
50522688
87355193
73484699
30475298
46312422
6303427
138496976
28826006
37037264
49204034
140793950
204321447
542102704
16674752
115903868
11413529
70721500
31972630
13280743
97355855
177713679
117671659
199104240
155202549
505870484
54355233
28490314
76155785
549774020
112698675
90856448
134018914
58640448
56739046
159985019
94375191
153294291
31903555
2522767166
528095902
149635348
33332235
161191863
545542383
107826830
99454951
33070731
556758197
199343813
2549261
107053488
148383697
175444787
106159729
118084267
141071460
19417346
16685009
195094911
134560507
184779094
187320778
136229726
170154142
100970517
31258907
188027245
131872663
107457646
126794175
180747234
6557445
118487528
54750564
1276947
524765639
100001284
107993555
144024400
18903297
17744445
526734887
44154836
42407357
33923547
115704247
49774154
173608175
136764020
62520636
191897082
89423630
37914503
118524514
21951064
24326235
126322002
21880701
126894567
91586092
111368507
136264566
183696295
159110408
185592680
22212356
5900021
1965285
178790620
78762247
2524010
177322064
15744967
556039675
74650414
27206212
95444343
199289684
154945302
133425853
162118730
19165224
8010536
52119013
29595303
13965031
178802073
459310
165205528
153911025
169760540
77088390
126348684
26873012
509550671
98274493
26271046
119599485
53553401
164705383
113775141
175605778
155647269
502942594
119767625
4249254
77805123
187212893
186060115
42360764
190253527
11171543
145236788
124101348
134306372
61434518
144133560
71240020
144027150
18547055
9390403
203014093
80444323
37621935
95457728
188147891
10138342
171146098
3116431
120665830
46141821
3079626
45355965
88463610
38652104
21547014
205649164
138921699
95124753
510606860
41895202
60644358
116915560
87717796
178980831
42972112
97137747
108827166
8058405
43617362
77595967
118615104
105795698
75473681
47768531
111472728
66938386
167562979
65244806
149923435
548081761
39432304
57879066
142362112
159047783
120314980
16005928
159467904
114793014
74909509
107038049
121332964
73283319
71924100
36289849
91375879
121955636
171250308
40700
19527891
54286561
33577790
147176958
162324750
109214941
78519656
41008148
199639397
178550888
127313418
59822182
200601418
61696701
41999313
138885662
114614502
139719470
121864883
13736549
126838900
512399662
12554922
34447519
146978453
125565743
